2 8.72
0 9.2
1 9.72
2 10.288
0 10.938
1 11.317
2 11.696
0 12.342
1 12.930
2 13.100
0 13.313
1 13.759
2 14.138
2 14.492
0 14.751
0 15.355
1 15.596
2 15.930
3 16.492
0 16.792
3 17.176
2 17.688
3 18.067
0 18.484
3 18.755
1 19.238
3 19.530
2 19.880
3 20.213
0 20.584
3 21.059
1 21.338
3 21.651
2 22.096
3 22.359
0 22.821
3 23.159
1 23.438
2 23.726
3 24.105
0 24.384
2 24.742
1 25.021
3 25.292
1 25.638
2 25.951
0 26.230
3 26.496
0 27.121
0 27.821
1 28.730
2 28.834
3 29.305
2 29.609
0 30.005
1 30.172
1 31.197
2 31.646
3 32.005
0 32.118
2 32.292
1 32.646
0 33.505
1 33.601
2 34.055
3 34.155
0 34.688
1 34.834
3 36.118
2 36.492
1 36.796
0 37.009
3 37.351
2 37.609
0 38.005
1 38.476
0 38.734
1 39.067
0 39.351
0 39.680
3 39.972
2 40.113
3 40.309
2 40.430
2 40.951
1 41.530
2 42.117
0 42.722
1 42.959
2 43.226
0 43.526
2 43.842
1 44.192
2 44.501
0 44.830
3 45.096
1 45.421
2 45.688
3 45.976
3 46.326
0 46.580
1 46.892
0 49.088
1 49.209
2 49.684
3 49.851
2 50.047
1 50.258
2 50.526
1 50.643
2 50.772
1 50.913
2 51.043
1 51.184
2 51.313
1 51.430
3 51.996
0 52.139
3 52.388
0 52.407
3 52.588
0 52.726
3 52.880
0 53.272
1 53.393
0 53.659
1 53.758
2 54.097
3 54.497
0 54.634
2 54.764
0 54.905
2 55.009
0 55.151
2 55.280
3 55.588
1 55.867
3 56.159
0 56.438
1 56.813
0 57.122
1 57.430
2 57.743
3 57.914
0 58.049
2 58.088
2 58.305
3 58.310
2 58.876
1 59.430
3 59.538
1 59.838
3 60.176
0 60.430
2 60.676
1 61.026
3 61.267
0 63.001
1 63.330
2 63.615
1 64.501
2 64.627
3 64.888
1 65.213
2 65.459
3 65.742
2 66.072
3 66.405
3 66.688
3 66.997
0 67.255
0 67.584
0 67.913
0 68.222
1 68.509
1 68.838
1 69.147
1 69.434
2 69.697
2 69.959
2 70.267
2 70.597
3 70.884
3 71.168
3 71.476
3 71.784
1 72.088
1 72.418
1 72.701
1 72.988
3 73.276
3 73.564
3 73.872
3 74.176
0 74.501
3 74.909
0 75.047
3 75.222
0 75.343
2 75.518
1 75.680
2 75.784
0 76.709
1 76.859
2 77.284
3 77.383
1 77.963
2 78.050
3 79.255
0 79.281
2 79.730
1 79.782
3 80.047
2 80.530
0 80.530
1 81.589
3 81.598
2 82.205
0 82.840
3 82.840
1 84.046
2 84.046
0 84.863
2 84.863
1 85.055
3 85.347
0 85.464
3 85.893
0 86.006
3 86.184
0 86.280
3 86.455
0 87.172
1 87.709
3 88.255
0 89.005
3 89.005
2 89.005
1 89.005
0 89.484
1 89.494
2 89.532
3 89.532
1 90.051
0 90.080
2 90.099
3 90.099
0 90.680
3 90.901
3 91.397
1 91.905
2 92.447
3 93.126
0 93.146
2 93.713
3 94.209
0 94.601
1 94.889
0 95.447
2 96.014
3 96.576
0 97.268
0 97.947
0 98.555
0 99.185
2 99.726
2 100.264
3 100.851
3 101.434
1 102.130
1 102.714
0 103.322
0 103.834
2 104.493
3 104.528
0 105.680
1 105.716
2 106.301
3 106.313
0 106.914
1 106.949
1 108.084
2 108.096
0 108.697
3 108.709
1 109.289
2 109.300
0 109.880
3 109.892
1 110.476
2 110.488
0 110.535
3 111.080
0 111.105
1 111.105
2 111.381
3 111.393
0 111.417
1 111.417
2 111.668
3 111.680
1 111.703
0 111.739
0 112.247
1 112.259
2 112.259
3 112.294
2 112.814
3 112.826
0 112.850
1 112.850
2 113.355
3 113.392
0 113.510
1 113.510
2 113.618
3 113.618
0 113.768
1 113.781
2 113.876
3 113.876
0 114.077
1 114.092
2 115.155
3 115.789
1 116.439
0 117.664
1 118.134
3 118.518
0 118.818
2 119.939
3 120.018
0 120.501
1 120.647
3 121.172
2 121.315
1 122.447
2 122.922
0 123.730
2 123.997
1 124.235
3 124.593
0 124.872
2 125.139
3 125.468
2 125.776
3 126.060
0 126.364
1 126.555
0 126.727
1 126.844
0 126.967
1 127.078
2 127.268
2 127.876
2 128.485
3 128.499
0 129.093
1 129.380
2 129.714
3 129.955
0 130.093
2 130.222
1 130.410
3 130.610
0 130.910
2 131.222
3 131.485
1 131.789
2 132.076
3 132.385
0 132.618
1 132.972
2 133.264
0 134.255
1 134.355
2 134.922
3 135.025
0 135.510
1 135.711
3 136.964
2 137.314
0 137.618
1 137.796
0 137.927
3 138.114
0 139.193
1 139.295
2 139.722
3 139.809
3 140.385
2 140.487
0 141.664
1 142.043
0 142.347
2 142.547
3 142.901
0 143.176
2 143.468
1 143.751
3 144.085
0 144.410
2 144.701
3 145.031
1 145.335
2 145.601
0 145.855
3 146.172
2 146.501
3 146.517
0 146.548
1 146.548
0 147.081
1 147.096
2 147.127
3 147.127
0 147.643
1 147.659
2 147.689
3 147.689
0 147.997
2 148.335
3 148.508
3 148.789
2 148.981
1 149.239
3 149.335
0 149.577
2 149.731
3 150.039
0 150.177
2 150.336
1 150.702
3 150.911
0 151.201
2 151.352
1 151.610
3 151.721
0 151.881
2 152.006
0 152.427
1 152.735
2 153.047
3 153.356
0 153.635
0 153.989
3 154.327
3 154.610
1 154.868
2 155.156
3 155.464
0 155.764
0 156.143
0 156.426
0 156.756
0 157.043
3 157.289
3 157.618
3 157.906
3 158.189
2 158.472
1 158.777
2 159.018
1 159.231
2 159.292
3 159.735
0 160.060
3 160.306
0 160.585
2 160.827
1 161.085
2 161.443
1 161.676
0 162.097
0 162.268
0 162.439
0 162.585
0 162.777
0 162.922
2 163.260
2 163.431
2 163.597
2 163.722
2 163.868
2 164.014
2 164.139
3 164.468
3 164.593
3 164.739
3 164.885
3 165.031
3 165.181
3 165.302
3 165.427
0 165.681
3 165.810
0 165.927
3 166.056
0 166.198
3 166.327
0 166.489
3 166.619
2 166.902
1 167.023
2 167.127
1 167.248
2 167.372
1 167.494
2 167.619
1 167.745
3 168.077
0 168.285
3 168.439
0 168.577
3 168.706
0 168.823
3 168.933
2 169.285
1 169.427
3 169.577
1 169.718
2 169.869
1 170.010
2 170.139
3 170.493
0 170.864
1 171.081
2 171.162
3 171.413
0 171.635
2 172.731
3 172.855
1 173.343
0 173.420
1 173.910
2 173.925
3 175.294
2 175.898
3 175.913
0 176.510
1 176.526
0 177.518
1 177.613
2 178.114
3 178.221
1 178.702
2 178.732
3 179.993
2 180.389
3 180.698
0 180.864
2 181.243
1 181.527
3 181.838
0 182.175
2 182.475
1 182.752
3 183.069
0 183.398
2 183.679
1 184.018
3 184.252
0 184.607
2 184.870
3 185.160
2 185.461
3 185.813
2 186.123
1 186.381
3 186.648
0 186.788
2 186.895
1 187.296
3 187.602
0 187.725
2 187.846
1 188.192
3 188.439
0 188.580
2 188.704
1 188.828
3 188.981
0 189.144
2 189.268
1 189.392
3 189.517
0 189.656
2 189.808
0 190.181
1 190.303
2 190.499
3 190.649
0 190.906
1 190.937
2 190.968
3 190.968
